6.917524995505004368e-03
7.875421617006970326e-03
9.942973938014958157e-03
1.280191629527194751e-02
1.624748746843134029e-02
1.917632399544788591e-02
2.232893017445341383e-02
2.580414553201362815e-02
2.994634226276319741e-02
3.435740826602566578e-02
3.935514836067376815e-02
4.527499824508096626e-02
5.119547817128080464e-02
5.817687867404727764e-02
6.559437991465161266e-02
7.311446438485819099e-02
8.018219867478709739e-02
8.758512211655485047e-02
9.520420078221725202e-02
1.032456479035479824e-01
1.123229212240375030e-01
1.213275875011849969e-01
1.309614548411715540e-01
1.395459635704968671e-01
1.500004966752240543e-01
1.601047937893249895e-01
1.697010230275297904e-01
1.782590050570732887e-01
1.891274834314702058e-01
1.999573199537619805e-01
2.098023924793895323e-01
2.206270212576495748e-01
2.329582413442876643e-01
2.434090718415953813e-01
2.515289699752951691e-01
2.606792273929275372e-01
2.695436239691609281e-01
2.794317960505587894e-01
2.899788465248371860e-01
2.995520551902404738e-01
3.061948723732471622e-01
3.149403454455514950e-01
3.222957524875369462e-01
3.316980016951247556e-01
3.420352595777619853e-01
3.525546239109084157e-01
3.616375344908066003e-01
3.704698488891873809e-01
3.792311563081986470e-01
3.860886795972506835e-01
3.922568251553023577e-01
3.981151741204227434e-01
4.042803952991446126e-01
4.118934070415971593e-01
4.188177684446092730e-01
4.267399808620575552e-01
4.350066896768837177e-01
4.426124274499090294e-01
4.477534850396172050e-01
4.528624795732201780e-01
4.572587603226699882e-01
4.614318235936588630e-01
4.681526722183982914e-01
4.722683799841979613e-01
4.762146195940214488e-01
4.796031583033019130e-01
4.845566837813849448e-01
4.889315010645692849e-01
4.927852084085529993e-01
4.966669943467164616e-01
4.992033740382272322e-01
5.010488521094799141e-01
5.027933172910132864e-01
5.044031355886752221e-01
5.059521272142695203e-01
5.083037315786631538e-01
5.108745234126055301e-01
5.137700488799079590e-01
5.149870149117621310e-01
5.179261731907671695e-01
5.194589018791043733e-01
5.207959587066668394e-01
5.209488454569473070e-01
5.241538278292389164e-01
5.292187978129543335e-01
5.335118309630167976e-01
5.351678850252168385e-01
5.354321622837967531e-01
5.356866748049808891e-01
5.378227423548463948e-01
5.388043648520930429e-01
5.381885637229907315e-01
5.362142192532943774e-01
5.367170701742138839e-01
5.373662393116921399e-01
5.388820032513552682e-01
5.403218629067586543e-01
5.398655331793653644e-01
5.390599519058786315e-01
5.371627394388436283e-01
5.337526048693079783e-01
5.338087276579941420e-01
5.314242071392114575e-01
5.288154912570526278e-01
5.264118960711803297e-01
5.225501921344768430e-01
5.200655273339553908e-01
5.164793485298750930e-01
5.125687087670026676e-01
5.097967859384306966e-01
5.066858114504338984e-01
5.025293447893268706e-01
4.989326353597715036e-01
4.940700520245913108e-01
4.905181353562560465e-01
4.876312352013117413e-01
4.847823341812980136e-01
4.814726716213557633e-01
4.771410322755726408e-01
4.738003624970773542e-01
4.675844708195282529e-01
4.607980526848648450e-01
4.548427272120100229e-01
4.480707508563777086e-01
4.400412020707905603e-01
4.342624916198589702e-01
4.286929689917739483e-01
4.202118016545972612e-01
4.133801702081160157e-01
4.068698503090616425e-01
4.008126320190357195e-01
3.947776086875829371e-01
3.882418232516230416e-01
3.818112513916456230e-01
3.752042174359352389e-01
3.685047590117247474e-01
3.620402768162593321e-01
3.551760331537216486e-01
3.487555265683824901e-01
3.420393682237805044e-01
3.359556830811231132e-01
3.281141590200917224e-01
3.191953710505621156e-01
3.107816142761330447e-01
3.009599610373918099e-01
2.913703375843726406e-01
2.812733994901405743e-01
2.723361910611915016e-01
2.641034281593142574e-01
2.552554219480368536e-01
2.462206934089777033e-01
2.371899365313544783e-01
2.276156409475376119e-01
2.183468026266278117e-01
2.092151519096139278e-01
2.002790378049075781e-01
1.913780804777047984e-01
1.814269631532545168e-01
1.713831483252261090e-01
1.615423892140208650e-01
1.521113613955408228e-01
1.430924629286001726e-01
1.344264966665399130e-01
1.257667047361792079e-01
1.164181513666990575e-01
1.082790367414830646e-01
1.001036216067880680e-01
9.239840896991442787e-02
8.539957008853063525e-02
7.894251280869213350e-02
7.203187627429681605e-02
6.507303497818801852e-02
5.944515837379371614e-02
5.330816218479045299e-02
4.734005931957460667e-02
4.208701521209033680e-02
3.651022216213180294e-02
3.179970591784353484e-02
2.803218800505161146e-02
2.490734833000543200e-02
2.224637770425792055e-02
2.017732222974301728e-02
1.857355585627534778e-02
1.705061221563811819e-02
1.631945029703961436e-02
1.572344105092499805e-02
1.621573889841897848e-02
1.706716621393152000e-02
1.851772699458990867e-02
2.020565538202005393e-02
2.198476826306609150e-02
2.473553558195269730e-02
2.791735382816953187e-02
3.106677728527405466e-02
3.462645992333376888e-02
3.895551798647406416e-02
4.361506967924315414e-02
4.841068926848647591e-02
5.362002063228805959e-02
5.942908386702935863e-02
6.480035945031908939e-02
7.086204955842942410e-02
7.690718515162804636e-02
8.478495622579579338e-02
9.280207734957544863e-02
1.005713731217110635e-01
1.103964941445197828e-01
1.195358485252559777e-01
1.286649446182472067e-01
1.378444569393153518e-01
1.478057637149149395e-01
1.574252865535749057e-01
1.670872254737875151e-01
1.777861473840670059e-01
1.876953010256217913e-01
1.980795643063354983e-01
2.089290997361304414e-01
2.174465212687244353e-01
2.274108696713323385e-01
2.388304679439512967e-01
2.487019558741466740e-01
2.562022690099559075e-01
2.665246157444761121e-01
2.761546746703267274e-01
2.859011835108112853e-01
2.940459053550279478e-01
3.038830967087952084e-01
3.132450011268522738e-01
3.237116631959338076e-01
3.324018057626670908e-01
3.416060075961979692e-01
3.484487030075790193e-01
3.574902726949792942e-01
3.657311123849102952e-01
3.728735189388893145e-01
3.808129965084469104e-01
3.891528746768134761e-01
3.992938128295483446e-01
4.076091730042178951e-01
4.144610665966659280e-01
4.215353073955416807e-01
4.278748301041118696e-01
4.345026170947703381e-01
4.397417138194107400e-01
4.441503569829844400e-01
4.493690873838260824e-01
4.553541076861139514e-01
4.603607392182580416e-01
4.662669951734862428e-01
4.729334669461483509e-01
4.807225543151911196e-01
4.860498359301562710e-01
4.909195933862942063e-01
4.955331781769218291e-01
4.988464036695495762e-01
5.029636380847614108e-01
5.080670146700619894e-01
5.110245231051104842e-01
5.142103784733906835e-01
5.171565261004960057e-01
5.191332295386262841e-01
5.202963219171401477e-01
5.209733161669372059e-01
5.216668310584233748e-01
5.224097242079304149e-01
5.232244304881565888e-01
5.245538971890281177e-01
5.252623091959671697e-01
5.254881155054526021e-01
5.251574401614672594e-01
5.272256190367483608e-01
5.274077259481798619e-01
5.275827879091454786e-01
5.269177307922059406e-01
5.281445614330897431e-01
5.308619876662863390e-01
5.274742095327187297e-01
5.256845935396683434e-01
5.214240389250202057e-01
5.167405711862556039e-01
5.150181540031548710e-01
5.127573416058824884e-01
5.102471915141508774e-01
5.077520856028718832e-01
5.054386085770284920e-01
5.034927060504463814e-01
5.003219000359706570e-01
4.963125973665852286e-01
4.925626197681644003e-01
4.872440675989514469e-01
4.843467222228705071e-01
4.804100628994917854e-01
4.755884301825366034e-01
4.701434647644313070e-01
4.662521545338030871e-01
4.624635789631188487e-01
4.575093907587943765e-01
4.535464329552035823e-01
4.492432214454592510e-01
4.438981331292799482e-01
4.386908246830926172e-01
4.344534699564763236e-01
4.304236258080588184e-01
4.259210286964774106e-01
4.214902519906532641e-01
4.166795958602362848e-01
4.125104976275186797e-01
4.086727160549383786e-01
4.034513725014586272e-01
3.979260098260686274e-01
3.937640831854187784e-01
3.882763161749677172e-01
3.831001438868590903e-01
3.775129953270012217e-01
3.708430118214232074e-01
3.645934387392337772e-01
3.571401201917885349e-01
3.501563332470789547e-01
3.427095554894706297e-01
3.360469955041286427e-01
3.289436431466119526e-01
3.222578671364288994e-01
3.153289205992531041e-01
3.084733306843840950e-01
3.010341624450240117e-01
2.937119447701368458e-01
2.862184538151323343e-01
2.786304675353762916e-01
2.703178995013671981e-01
2.629025931834924057e-01
2.537342883525005588e-01
2.449770395242258370e-01
2.368368373472807265e-01
2.263575243914018875e-01
2.168319738151933684e-01
2.074729663456811313e-01
1.985926731230898690e-01
1.891041508186487585e-01
1.795824699186440998e-01
1.705609487438242144e-01
1.617006113380760890e-01
1.535697466019081414e-01
1.459687097811925294e-01
1.373941677171853226e-01
1.284168298712752843e-01
1.191551848886500675e-01
1.097856746968328689e-01
1.022200386261063187e-01
9.427605364316479775e-02
8.677078877554383896e-02
7.989586402181372837e-02
7.257733449324327291e-02
6.543852087726503841e-02
5.882048934748700802e-02
5.278870707146907093e-02
4.646656663500680490e-02
4.030555834261655146e-02
3.510288642383951885e-02
3.063495665319160288e-02
2.664054877047575959e-02
