6.344054562724328952e-03
8.340041433780250729e-03
1.324167072083620375e-02
2.072561157317455438e-02
3.047136076181772985e-02
4.195573002249265715e-02
4.953505647285429137e-02
5.653270736674864683e-02
6.492463017695411509e-02
7.309056967236893243e-02
8.170733486043151028e-02
9.162177127965627499e-02
1.001186417989236022e-01
1.096886446972556300e-01
1.183063233151981919e-01
1.267385083192653361e-01
1.345344305885310954e-01
1.410052434493961893e-01
1.474470475405799952e-01
1.534671662475282083e-01
1.623686613997830652e-01
1.705659447395053430e-01
1.782541983142875985e-01
1.860290420088571428e-01
1.942030525247071537e-01
2.017209224264379652e-01
2.078648293845150874e-01
2.127725302127920493e-01
2.192308502726941499e-01
2.253360892346470690e-01
2.310348678510942555e-01
2.368758805008570889e-01
2.430559027566011054e-01
2.476506605902319136e-01
2.486613973221706575e-01
2.505466120499076910e-01
2.529854818557883966e-01
2.550561889266023119e-01
2.570895732367998732e-01
2.586451969821332297e-01
2.580156414602766679e-01
2.589137452585627552e-01
2.582781604179348323e-01
2.591638840132711730e-01
2.598203532220874634e-01
2.612375670817273510e-01
2.610411382098214439e-01
2.609703686260239630e-01
2.604341110375313906e-01
2.588327346595040157e-01
2.568643191073706200e-01
2.542736574929424509e-01
2.520062628649098468e-01
2.503641254066102939e-01
2.491671646739724300e-01
2.476337044417190325e-01
2.460753112592665437e-01
2.441142963626274642e-01
2.417278490708852923e-01
2.394911534782005469e-01
2.374309223539009805e-01
2.358929402772460271e-01
2.343242441315393221e-01
2.316171871045565045e-01
2.291990565009268677e-01
2.265151839684216850e-01
2.245078476567264891e-01
2.224701365071722892e-01
2.202417957536053628e-01
2.182513275072437975e-01
2.162716134318034000e-01
2.148794012170880396e-01
2.133775637696675720e-01
2.119435665512106881e-01
2.114318966747149309e-01
2.108845096406158914e-01
2.103086336257843914e-01
2.106281488492091625e-01
2.121654772600599648e-01
2.135932590173696966e-01
2.156052387807073367e-01
2.181932735091099140e-01
2.171363841652677595e-01
2.168662237162147788e-01
2.189748201724544263e-01
2.200201332250131814e-01
2.218952368148809362e-01
2.220472767886300658e-01
2.217504788117810877e-01
2.219314651501612112e-01
2.215614257704091594e-01
2.209470075683511170e-01
2.200012831274867076e-01
2.208434184231480579e-01
2.210313904157196196e-01
2.220144949884175489e-01
2.232135639335989241e-01
2.221488444781764549e-01
2.218383975545664133e-01
2.206042637322590538e-01
2.195941291504104331e-01
2.188939678289887059e-01
2.177535627865396228e-01
2.167086985872337945e-01
2.159826920717460019e-01
2.154116715980802510e-01
2.150401221071444047e-01
2.139821767416684450e-01
2.138696451973071677e-01
2.134236227783030404e-01
2.125600813374753650e-01
2.110445765610515778e-01
2.107829525241236013e-01
2.103035961336613968e-01
2.094384923388166453e-01
2.091291295405567074e-01
2.092181513193020759e-01
2.094368925684641503e-01
2.102122855880872720e-01
2.108861954784444492e-01
2.110735755553756476e-01
2.108323045011641084e-01
2.104993251487025652e-01
2.107589565964588796e-01
2.107250971273189610e-01
2.114377859154393802e-01
2.119338151820166771e-01
2.118462959512923127e-01
2.127624061418411094e-01
2.136259539492067761e-01
2.144884405276577810e-01
2.155086182501049219e-01
2.165159077251632147e-01
2.176543148635151637e-01
2.190120777064811786e-01
2.201586679016284132e-01
2.216049243846082428e-01
2.224802651242349660e-01
2.241359031693569426e-01
2.249139416397030466e-01
2.268432093690775087e-01
2.275752067597233697e-01
2.276417622257706497e-01
2.276216077485948286e-01
2.266526808843697949e-01
2.259159672487655313e-01
2.246217392308498262e-01
2.235629788736678281e-01
2.241204354672126642e-01
2.227411073923696860e-01
2.210232326468018205e-01
2.194790193351972563e-01
2.172487100220032441e-01
2.148870199034379480e-01
2.121576485776452692e-01
2.080480752842741032e-01
2.052728185996683385e-01
2.006558243178476753e-01
1.945348284715005538e-01
1.874373663675618085e-01
1.803091573194947339e-01
1.729228066122865115e-01
1.668376838895269110e-01
1.606294626869747277e-01
1.534808916465891238e-01
1.490083893637365875e-01
1.433696723537613016e-01
1.373203165551345473e-01
1.322398622982342564e-01
1.270790582003401559e-01
1.204076831659764008e-01
1.130072887502534679e-01
1.076154039325759870e-01
1.005074960915058463e-01
9.313251058376881275e-02
8.583823849345441348e-02
7.663334471414554039e-02
6.850918868457475663e-02
6.054694867301298883e-02
5.357313221517032154e-02
4.677810750288929204e-02
3.917375772149757351e-02
3.497752318653227915e-02
3.105182539401827452e-02
2.935298918464975676e-02
2.790933057294786926e-02
3.058972409406204504e-02
3.405312813971129310e-02
3.859754643016014009e-02
4.369485575038191405e-02
5.148640720156848899e-02
5.853505480538570560e-02
6.543765901177975297e-02
7.298348406257407217e-02
7.966042587050720103e-02
8.730958655053767947e-02
9.494117120738271298e-02
1.025575353098616971e-01
1.099546637375195673e-01
1.166126921599550670e-01
1.225153904577723080e-01
1.288576575516389711e-01
1.338435898122618262e-01
1.412373025019932893e-01
1.490781800616984010e-01
1.558970048042785383e-01
1.636626257529790740e-01
1.704796359757737578e-01
1.770327690269159482e-01
1.832103403561311517e-01
1.898522875280082844e-01
1.958673858536931767e-01
2.017386564705474228e-01
2.086405715038459341e-01
2.149002132076975879e-01
2.206810779597394578e-01
2.269460773523057084e-01
2.302765889592399140e-01
2.349324116835008747e-01
2.408624926035642655e-01
2.450108097230796478e-01
2.463331624411477239e-01
2.504286321412725891e-01
2.522919042681703305e-01
2.540261288331953637e-01
2.534412433802477049e-01
2.544831350262758418e-01
2.551346972606504671e-01
2.556800588634107751e-01
2.555706415446939994e-01
2.563748683974704790e-01
2.557730308895252436e-01
2.558942603906410040e-01
2.549525560064254126e-01
2.541945975694863691e-01
2.529796241166101245e-01
2.520214318065430170e-01
2.520917953923595967e-01
2.510544626645048738e-01
2.488032020648201503e-01
2.466878918494106177e-01
2.440815048673896648e-01
2.416542163795466491e-01
2.390609453258433492e-01
2.364258403327413049e-01
2.341611262926156511e-01
2.331154941012407722e-01
2.315911171136387225e-01
2.300007175038284168e-01
2.288727873888955489e-01
2.282779701546553963e-01
2.264626033767828395e-01
2.244411982820549989e-01
2.235765374904893632e-01
2.236377773260873614e-01
2.241058117012005579e-01
2.229563043821883583e-01
2.221824336129184507e-01
2.212165983712834350e-01
2.196110916109576261e-01
2.181877772429535178e-01
2.172010239539974852e-01
2.179074886622108798e-01
2.190005334349740540e-01
2.199852631072164999e-01
2.187009328830720745e-01
2.178332516002277619e-01
2.186725332848686310e-01
2.187040839970751382e-01
2.188087307923322899e-01
2.198953037534724930e-01
2.186652560647869281e-01
2.189987638479308774e-01
2.179136000911048310e-01
2.174127173559984305e-01
2.171430068019779003e-01
2.162756551808628358e-01
2.157956877784188987e-01
2.155270692444347658e-01
2.155929849937515130e-01
2.144249113377358906e-01
2.139393814361598423e-01
2.124339671392550810e-01
2.110357537434029429e-01
2.104676021924103413e-01
2.096160284429157694e-01
2.084652424544238825e-01
2.074828372550210076e-01
2.063373808921684371e-01
2.055433228686553426e-01
2.048025584787207531e-01
2.038443640802606316e-01
2.031554202330778658e-01
2.020928736370825873e-01
2.010344260579289832e-01
2.008795359112309775e-01
2.002268219863447551e-01
1.998477516226843109e-01
1.998862020202434309e-01
2.000612008782330087e-01
2.003053329728662901e-01
2.010359547417581716e-01
2.024357847517193609e-01
2.027148879034181839e-01
2.029180274322505417e-01
2.032821209481082136e-01
2.037568211692508680e-01
2.036920788510143687e-01
2.045204423184958653e-01
2.054662489837165151e-01
2.061550279464375302e-01
2.074641016289665851e-01
2.089249648962524519e-01
2.100604722030730842e-01
2.108970680866593117e-01
2.121003962347179361e-01
2.130718383552505091e-01
2.142403985563878788e-01
2.152882554640290769e-01
2.166446795604904663e-01
2.179772328181843188e-01
2.195512124454924996e-01
2.210877303647492687e-01
2.227030924935947676e-01
2.237502174161574986e-01
2.239611157245782469e-01
2.248853527345080483e-01
2.242183517793761016e-01
2.230863163546540906e-01
2.223251587722644973e-01
2.202453543366531541e-01
2.184025318865334686e-01
2.175911960454334215e-01
2.130434614405322113e-01
2.097896217571822985e-01
2.063355113722708523e-01
2.035799298372732713e-01
1.997950753669535395e-01
1.957967559434511950e-01
1.919368151473268003e-01
1.874521380856721264e-01
1.829201002799512032e-01
1.787545707322921729e-01
1.729019034690290613e-01
1.661306617184939993e-01
1.596408326082882079e-01
1.522995966876471152e-01
1.463711442046157496e-01
1.397137806050510189e-01
1.329966000032356266e-01
1.269424855107589845e-01
1.201669572215042642e-01
1.133494249818625121e-01
1.062638860941365337e-01
9.952926167816872338e-02
9.300708890073872137e-02
8.385856310686207182e-02
7.579955753276797215e-02
6.742088356560217710e-02
5.910741782334904409e-02
