6.608386887242618732e-03
8.285621962139052415e-03
1.215716592243572952e-02
1.780552080654124181e-02
2.484329834003475707e-02
3.052577356877804460e-02
3.724254501684394481e-02
4.442736400268305907e-02
5.287846091687838090e-02
6.218547894839429602e-02
7.348001590833896923e-02
8.664490560332896441e-02
9.954174959785233590e-02
1.148119859032558088e-01
1.299770737704441237e-01
1.513901755504961089e-01
1.689933856446567961e-01
1.825078013709118541e-01
1.972576165844167895e-01
2.113640104396862784e-01
2.280071369752957322e-01
2.458141380512677276e-01
2.642303836463170685e-01
2.809257678128748159e-01
3.013070695986181935e-01
3.197415874809132474e-01
3.357341824392621188e-01
3.492826456795404266e-01
3.656189013058945836e-01
3.810371913265013788e-01
3.954340289405465780e-01
4.098717781443948494e-01
4.250472055132145099e-01
4.371551672221027918e-01
4.440349597225732303e-01
4.525771314486078944e-01
4.620014333567261100e-01
4.705048053766568983e-01
4.792563581600233213e-01
4.868298401291850097e-01
4.879155090736922995e-01
4.929711509760648092e-01
4.953497890234093703e-01
5.012034157380569344e-01
5.076563668431433030e-01
5.142282146465916304e-01
5.177818052304919982e-01
5.207929811031031253e-01
5.233113789652987791e-01
5.226083495386163458e-01
5.207067540426600916e-01
5.183301903865195071e-01
5.161888411783971398e-01
5.159971403418133207e-01
5.156238857416604038e-01
5.158194626459033927e-01
5.165886370322518850e-01
5.164589127886096698e-01
5.133092484373852349e-01
5.102359547612758117e-01
5.065988256634633702e-01
5.032814204579454387e-01
5.029621699266099144e-01
4.992725337305030098e-01
4.956205118387707609e-01
4.913633366179384065e-01
4.887439617656014201e-01
4.858087558516153148e-01
4.825158542044781784e-01
4.795598871177223499e-01
4.760295830285945495e-01
4.731412028067119024e-01
4.701690008824402911e-01
4.673682061814919964e-01
4.652332455484344820e-01
4.630481638451293125e-01
4.608627476522958455e-01
4.597820343478391525e-01
4.598318457096178813e-01
4.612567500996396785e-01
4.619299269978719424e-01
4.633134525122269420e-01
4.612844471007224723e-01
4.606707906496561589e-01
4.632806977747117028e-01
4.646270692840620553e-01
4.654909139852194677e-01
4.655304160706617567e-01
4.646743284578335187e-01
4.647745891124778206e-01
4.642317261959115759e-01
4.633752150538211767e-01
4.620937156576140903e-01
4.625601138731366690e-01
4.625819116006544274e-01
4.636085881998681102e-01
4.649613984077846651e-01
4.642273629757392439e-01
4.638779019697386596e-01
4.627142625978724610e-01
4.613417422796612377e-01
4.613568154977342739e-01
4.603797224562863333e-01
4.595655216008549537e-01
4.591079667205253401e-01
4.585088805258488165e-01
4.583636754480580611e-01
4.574915554392182671e-01
4.571536030607461498e-01
4.568338329530101105e-01
4.561530325622898951e-01
4.538482436830190148e-01
4.536777813901054501e-01
4.530926551547765913e-01
4.524442762620121128e-01
4.523337517891482529e-01
4.528026653346667318e-01
4.534134707050228585e-01
4.542732791172781059e-01
4.553540284842341190e-01
4.550164259052131843e-01
4.537057405426571099e-01
4.527530450216084024e-01
4.518260485943088600e-01
4.490133886679557040e-01
4.494889482692244753e-01
4.500833295281960744e-01
4.472540979043635456e-01
4.473163876540378059e-01
4.474000399586234300e-01
4.479055084463628988e-01
4.485151415566496214e-01
4.488935023269710056e-01
4.495054217337489666e-01
4.500582065416303679e-01
4.504695661753981839e-01
4.513058104063076836e-01
4.512251090898663497e-01
4.518131869217104635e-01
4.511925221323221935e-01
4.522399883842513346e-01
4.496782789402233860e-01
4.451117241348013231e-01
4.413625989199478905e-01
4.350282393689060001e-01
4.289760963932325866e-01
4.220236130413651532e-01
4.159435867482486615e-01
4.110566647425997200e-01
4.039966907615553660e-01
3.968965573704907879e-01
3.895907858982041727e-01
3.811324239999605012e-01
3.725047282522546688e-01
3.628338319421239300e-01
3.514724793243309553e-01
3.413437107694557993e-01
3.286980998554021038e-01
3.141419384784836510e-01
2.990414949707053127e-01
2.836487411695750582e-01
2.685209501032302937e-01
2.545570195321587015e-01
2.400349940302770602e-01
2.222023462167483365e-01
2.124318672965849475e-01
1.984806052994423919e-01
1.846618558052332271e-01
1.692159555408368488e-01
1.561191864668315388e-01
1.406627476342091621e-01
1.214989208930727371e-01
1.102555350537507556e-01
9.746631010336655188e-02
8.615596540153737382e-02
7.680255484626419271e-02
6.543524409707537903e-02
5.545041521570419352e-02
4.786461775937451979e-02
4.169998566695045511e-02
3.614074245431352084e-02
3.186052531856733983e-02
2.866351910120015778e-02
2.562048097764110799e-02
2.418428659801310360e-02
2.301541421855317349e-02
2.462652260458788114e-02
2.702338310331727639e-02
3.010379802321559023e-02
3.370524989562291573e-02
3.776248654061643839e-02
4.352199702341993937e-02
5.048599799945440586e-02
5.721142641331115886e-02
6.474418912283044780e-02
7.410580412450257226e-02
8.426663730804978547e-02
9.495093734034648625e-02
1.063058194269766998e-01
1.187999122975640226e-01
1.306112218599245201e-01
1.440576983265708932e-01
1.571681813334616096e-01
1.806177516827698892e-01
1.992228454851368569e-01
2.145880777871907452e-01
2.330111711327607638e-01
2.481249272479326418e-01
2.619838763879761556e-01
2.758292045010457549e-01
2.891406009608261662e-01
3.024584552737702992e-01
3.153128434080679776e-01
3.309618414570170697e-01
3.447995170574184587e-01
3.572713514614079267e-01
3.708005078542639943e-01
3.814749099753776962e-01
3.928576179973867211e-01
4.058534023340601982e-01
4.168048384790358774e-01
4.235106427485929581e-01
4.333141772489784160e-01
4.407901707213118803e-01
4.478986995798214243e-01
4.522095273688233052e-01
4.581101305258887812e-01
4.633471145726380525e-01
4.689333992503922910e-01
4.726686277389184898e-01
4.777976657179961451e-01
4.784016569607342784e-01
4.829404775588448939e-01
4.861430340409025885e-01
4.874808093811209830e-01
4.894270972263012331e-01
4.918203046057779693e-01
4.967243619578264324e-01
4.986536552855055371e-01
4.981714436398084755e-01
4.978498574678654753e-01
4.951118161160851239e-01
4.923351057590694690e-01
4.890457322117039429e-01
4.855457528418214430e-01
4.829003323451209750e-01
4.825807524656968162e-01
4.803377024409424823e-01
4.795487550044632563e-01
4.814484909571660198e-01
4.845902144938113443e-01
4.826121946342395441e-01
4.803353785499027140e-01
4.790927470927852094e-01
4.776883149162764464e-01
4.772882597604805044e-01
4.767747390588358281e-01
4.749688871948907209e-01
4.731549422749176670e-01
4.711083873776960029e-01
4.687194211909088692e-01
4.665778440432292173e-01
4.657504974277296705e-01
4.651801874250648949e-01
4.645649670640954465e-01
4.629048291324391329e-01
4.609703489693139922e-01
4.604081720336251626e-01
4.592798295962629007e-01
4.583236682287167296e-01
4.588305499313141689e-01
4.573035700838172790e-01
4.569598116902900964e-01
4.553846079972447836e-01
4.548338407387934046e-01
4.552311280302453467e-01
4.534397677630069290e-01
4.523991918222222131e-01
4.507650970270489221e-01
4.494866555639869254e-01
4.480893346401449984e-01
4.471166574194209709e-01
4.452699589401991620e-01
4.434272578793908570e-01
4.422312778020852098e-01
4.410856470028987619e-01
4.396251109590489925e-01
4.380773786535733239e-01
4.365929982232229500e-01
4.350420278738674762e-01
4.343671484208976863e-01
4.333738009147041770e-01
4.323664953957405688e-01
4.301048882383967653e-01
4.285205991182933216e-01
4.280745605063410730e-01
4.266616022607389591e-01
4.260268742818744125e-01
4.255359022312491524e-01
4.254429314488076819e-01
4.255055333678875451e-01
4.260669278648906433e-01
4.272516813650955592e-01
4.272871922272786227e-01
4.271896107393959863e-01
4.272307776251108025e-01
4.272000087408398539e-01
4.266751957115421101e-01
4.274471915857280258e-01
4.281126319461400209e-01
4.285736106831637970e-01
4.296977715674826226e-01
4.309475540423562401e-01
4.318165902829063096e-01
4.312264003672480195e-01
4.313763370783468276e-01
4.296541936527406014e-01
4.290204174025811779e-01
4.274089998225276132e-01
4.266630049955734139e-01
4.251376098050357877e-01
4.244206971516722993e-01
4.229967135374259612e-01
4.218535211556881381e-01
4.197181433958599994e-01
4.174325429964827472e-01
4.148290203125437059e-01
4.103108775665635921e-01
4.047894768772803409e-01
3.996609495775107490e-01
3.920719051678556166e-01
3.844298470924696898e-01
3.776305396418322413e-01
3.663912446196414541e-01
3.564942963357581318e-01
3.465862359573917972e-01
3.374252591358638531e-01
3.270612161829473674e-01
3.162641217275050654e-01
3.060346050903038906e-01
2.941533663268818266e-01
2.823077035111542510e-01
2.695998606882933357e-01
2.535377919309516059e-01
2.388398305825023549e-01
2.249667977849907075e-01
2.100913065719247075e-01
1.972006579485598710e-01
1.836179070968861349e-01
1.696910962793185540e-01
1.564538220447423966e-01
1.428153510491376732e-01
1.255068189509622179e-01
1.124389704379866739e-01
1.013694618131675135e-01
9.028211335881905497e-02
7.726367059737353216e-02
6.578873258549194913e-02
5.627219963197490488e-02
4.809573796878448271e-02
