6.608268081126448049e-03
8.687292750525672097e-03
1.324086898402394678e-02
2.015796027624408918e-02
3.007337899109727500e-02
3.885486396929209441e-02
5.207590651798967712e-02
6.067511628228298981e-02
7.105922977791062634e-02
8.177573899226840692e-02
9.398698410957870286e-02
1.082639252401898788e-01
1.211724304787512446e-01
1.361934495372489062e-01
1.512012070380039652e-01
1.663283559004942735e-01
1.800085757839913758e-01
1.928256785661071615e-01
2.060824943883290405e-01
2.189585969499702189e-01
2.363420535237742703e-01
2.529078972801041547e-01
2.695927883860179120e-01
2.849823471169090627e-01
3.035556583021283839e-01
3.212875690415665786e-01
3.364654252073817076e-01
3.496884631263328935e-01
3.659360979513763823e-01
3.810601880906588357e-01
3.954911527496956514e-01
4.103284437326344958e-01
4.262199839972282689e-01
4.389061914362097916e-01
4.459862414752266968e-01
4.549771020651834919e-01
4.648964774742540551e-01
4.743065766181546183e-01
4.839657828125965566e-01
4.925676067623804277e-01
4.951233503301734062e-01
5.015031873343046565e-01
5.054950899924458563e-01
5.128682280265317583e-01
5.211377945701169967e-01
5.298135580514755638e-01
5.352436711792157853e-01
5.401798677564886297e-01
5.446278658910974624e-01
5.467175798811683141e-01
5.475659227316610478e-01
5.479555569334295662e-01
5.488240612253911799e-01
5.518800266680071731e-01
5.547543146338415054e-01
5.578788424614873342e-01
5.612572159343679479e-01
5.638599224071442206e-01
5.636928136257636224e-01
5.637141615419588581e-01
5.626687154364466981e-01
5.620649825969984414e-01
5.651151887723568912e-01
5.643574369402050150e-01
5.635354029006618415e-01
5.621525762534266280e-01
5.636992547556162192e-01
5.645383276040998322e-01
5.640577180436253668e-01
5.639259329206931515e-01
5.626890156346388006e-01
5.615163965628400256e-01
5.603506903155650587e-01
5.595716740477396645e-01
5.586999533244487726e-01
5.583129222271866476e-01
5.580682412185528074e-01
5.585165631683457477e-01
5.585177162297929598e-01
5.607313209659682274e-01
5.614718583452729117e-01
5.624568102817188997e-01
5.620212146433767320e-01
5.640188854476146929e-01
5.688789885619794928e-01
5.723811924551510666e-01
5.731245700596073744e-01
5.731589476642185987e-01
5.731954866128475823e-01
5.745915937837711152e-01
5.749082660011817225e-01
5.743518212733761397e-01
5.720817602644207023e-01
5.724567491718539625e-01
5.726957652442694613e-01
5.739524455293089078e-01
5.753063551430107614e-01
5.752641169817515054e-01
5.747316301992564380e-01
5.729703132304626578e-01
5.700860135294589792e-01
5.709009469124408653e-01
5.687949821828900410e-01
5.664927595355269130e-01
5.646795880163510972e-01
5.616440759487930645e-01
5.602240536313022323e-01
5.571278211088270815e-01
5.544260963368551343e-01
5.528985294359944902e-01
5.506339398280988284e-01
5.470437861853428840e-01
5.454759263852917428e-01
5.426512772401486107e-01
5.398126501161574220e-01
5.380710745256596095e-01
5.368421221440459190e-01
5.355604393234962846e-01
5.343981922603678880e-01
5.335043943477242312e-01
5.298244772512535894e-01
5.251298713794019246e-01
5.210252499713183827e-01
5.166909998016347982e-01
5.106919485654271007e-01
5.079493344751987438e-01
5.049471956742775935e-01
4.984134492908107728e-01
4.949640633299610126e-01
4.916361509945682551e-01
4.890230833965926727e-01
4.867869276412034596e-01
4.841511663418766043e-01
4.819894728714032572e-01
4.797475850159563238e-01
4.772915585185983911e-01
4.754223701402261471e-01
4.727249397476708248e-01
4.711399651534813882e-01
4.685011577119156945e-01
4.678318248609320551e-01
4.636597421244272321e-01
4.579734232731285104e-01
4.530116648500426835e-01
4.458302127357289257e-01
4.386584711255832048e-01
4.305095989841390414e-01
4.232323224306675513e-01
4.171199603594855088e-01
4.095754621028057652e-01
4.014388820647912248e-01
3.930927249344872143e-01
3.837087543980159388e-01
3.743400690137525522e-01
3.639799406828636008e-01
3.520924689994650580e-01
3.417063430826079440e-01
3.290627730674604012e-01
3.147621248584198117e-01
2.995309144808375179e-01
2.846426386738313274e-01
2.697288967104752300e-01
2.564351974075568807e-01
2.431560690493453913e-01
2.285690492780066418e-01
2.175407300396529353e-01
2.051819521721870154e-01
1.926087439831716264e-01
1.814163291081130613e-01
1.700479549063300677e-01
1.572184498932809316e-01
1.439571775303807033e-01
1.334474343843821686e-01
1.213285718779884420e-01
1.097452302617413084e-01
9.875641290265159411e-02
8.520722814110374965e-02
7.347799222296570731e-02
6.373814087109463955e-02
5.290384766025105906e-02
4.408184901776764780e-02
3.799498163698655090e-02
3.333646085548808841e-02
2.870369328711217666e-02
2.656588221507581379e-02
2.494659207709344281e-02
2.723887110780841975e-02
3.082741852900867247e-02
3.564543371845366182e-02
4.153299303275516385e-02
4.863326529623950706e-02
6.116752155514276756e-02
6.912431662985271674e-02
7.795263480398355316e-02
8.713932353902680006e-02
9.805358892283158601e-02
1.095713501016826880e-01
1.213860838654660657e-01
1.333580841367511816e-01
1.453733584558337122e-01
1.561755226598511570e-01
1.680076358359009758e-01
1.786846202376976001e-01
1.937113993834645442e-01
2.093818470563324208e-01
2.227262101859729115e-01
2.385941983958259349e-01
2.521901920344468140e-01
2.655938635266911763e-01
2.778842802024837355e-01
2.906140140926063431e-01
3.033429472089499979e-01
3.156134741029397173e-01
3.308866040080910564e-01
3.447742127338789819e-01
3.574679266088265361e-01
3.708966820137968301e-01
3.817904364652086047e-01
3.935237269803899540e-01
4.068870392114115053e-01
4.181182602360529743e-01
4.251848957314170452e-01
4.354803367470121422e-01
4.438364626672895996e-01
4.520984121612940387e-01
4.575687124513722615e-01
4.649698222060108521e-01
4.715553797456382146e-01
4.787644857042705482e-01
4.842112503807498025e-01
4.909800377731865506e-01
4.937142858032866344e-01
4.998817577254751621e-01
5.048385123316053713e-01
5.083406869219423418e-01
5.123492520834423969e-01
5.168093805066574786e-01
5.233164005892428916e-01
5.273564240366563904e-01
5.292350254751153615e-01
5.311602593837007058e-01
5.311343059737337891e-01
5.312075831737951281e-01
5.298206281723296662e-01
5.281749625260275804e-01
5.281976727377023506e-01
5.304870573867147554e-01
5.314816288138857203e-01
5.341049120117954407e-01
5.388249304172296750e-01
5.447380754004651493e-01
5.469364814434412025e-01
5.488395328018226271e-01
5.513009822660894788e-01
5.520418498317056777e-01
5.543163673350846032e-01
5.574578358737257711e-01
5.580464552866269967e-01
5.591631138361540243e-01
5.604034837860741858e-01
5.600957633758928411e-01
5.596963617693755388e-01
5.595865578565056841e-01
5.595230965046220639e-01
5.595199502183280105e-01
5.604689511961449266e-01
5.603912035367915045e-01
5.602534647554230363e-01
5.600250373534481074e-01
5.593636885373123313e-01
5.610193888272692053e-01
5.611746854589076960e-01
5.613540444163849230e-01
5.605293870079229857e-01
5.619176128835273731e-01
5.650639893276512282e-01
5.615458268194980507e-01
5.602191608710368476e-01
5.557319179447126611e-01
5.510652228350865212e-01
5.494303206468870160e-01
5.480151444580767528e-01
5.455915940010193088e-01
5.433354979500161219e-01
5.418548894222540158e-01
5.405201218333762769e-01
5.376193321716326023e-01
5.341225757726496548e-01
5.304703349113686350e-01
5.260158862499927368e-01
5.239456727981998130e-01
5.203645612924231445e-01
5.164211618810522486e-01
5.111800824242547225e-01
5.072096442387955539e-01
5.052260199960756371e-01
5.008889504876018473e-01
4.982116627989091606e-01
4.958662503001132760e-01
4.923489732837957322e-01
4.892259310204346567e-01
4.877809485052650995e-01
4.873143996568266578e-01
4.854243448941527594e-01
4.832456054146516689e-01
4.813982982787464171e-01
4.797998992485939529e-01
4.773090148413146050e-01
4.755806979580166072e-01
4.735048335365332206e-01
4.715167063317443064e-01
4.700857760293447041e-01
4.690551365021802810e-01
4.668997901327172628e-01
4.629034240697650349e-01
4.601318290923659404e-01
4.556193034884881143e-01
4.519295203777354830e-01
4.475955774267798559e-01
4.443217261107043070e-01
4.405547703741455878e-01
4.379811877731991654e-01
4.349524645560036151e-01
4.321610102219058946e-01
4.282808405981519684e-01
4.243431031722585955e-01
4.203385618552519798e-01
4.146555524210322474e-01
4.081533806930260910e-01
4.021073856379400735e-01
3.938568893646774427e-01
3.856663420309622281e-01
3.784161331862174182e-01
3.668836016580223625e-01
3.568757535041840456e-01
3.467711467533233227e-01
3.376478898054035005e-01
3.275271602113933311e-01
3.169823394195680488e-01
3.071317074318108409e-01
2.958047097329551400e-01
2.842946956213030507e-01
2.727493310576694641e-01
2.590605293579135160e-01
2.446778840285276924e-01
2.313065843147283362e-01
2.165776470071938409e-01
2.035558311941343679e-01
1.903941659495193284e-01
1.773655361663434293e-01
1.655318097218029805e-01
1.539385176042975534e-01
1.426386646195242358e-01
1.308519246942892733e-01
1.198224946807589231e-01
1.096734123983435921e-01
9.648546652290199144e-02
8.474056117586600823e-02
7.436321886315609697e-02
6.423186542469175309e-02
